50
60 46 84 21 42 0 50 76 31 44 16 14 2 40 79 34 87 44 41 42 13 96 50 78 14 80 9 10 70 78 63 40 34 55 58 61 78 77 25 82 91 85 62 75 63 34 75 19 14 34 
9 40 85 45 49 34 15 99 61 83 96 70 75 7 51 66 78 57 60 14 30 2 82 77 94 56 71 45 65 76 50 11 30 79 6 7 13 67 5 23 25 78 28 25 56 3 14 6 76 92 
57 55 89 40 4 26 68 67 3 5 81 20 33 83 25 87 96 76 88 44 24 32 22 88 41 3 41 56 71 60 38 75 0 20 33 93 5 58 56 14 34 86 57 91 76 63 32 21 54 18 
87 37 76 89 35 17 92 76 60 90 70 27 26 49 14 49 12 39 85 49 71 25 17 24 83 86 96 67 9 45 56 78 61 34 13 22 21 88 48 8 75 41 7 60 7 32 70 69 24 56 
60 14 64 69 68 78 96 63 15 97 51 11 7 60 52 44 7 88 94 43 90 46 55 30 10 86 17 17 4 82 85 95 2 69 99 2 38 98 44 88 11 99 59 82 51 32 14 17 6 58 
12 83 73 84 12 16 71 37 89 87 6 70 9 80 59 27 13 16 63 86 35 0 58 61 23 55 71 86 64 75 70 80 50 83 82 68 5 46 6 90 10 84 74 26 18 40 79 92 49 54 
16 20 16 59 82 42 22 49 71 46 25 93 87 99 65 73 32 92 12 87 7 56 88 17 32 51 74 37 66 14 15 89 13 62 92 57 13 30 12 34 84 95 39 99 89 71 44 97 92 42 
75 56 94 75 11 1 81 67 2 9 49 15 83 5 57 45 59 38 85 46 58 99 62 11 4 77 73 30 59 57 9 51 11 86 39 20 56 30 84 51 17 23 78 11 50 57 89 18 81 50 
45 73 23 15 84 89 49 80 77 6 98 59 44 31 47 82 46 35 86 69 18 99 86 62 90 0 43 74 48 43 58 26 8 0 35 44 19 96 50 54 34 71 98 7 29 50 65 18 99 59 
58 1 39 47 16 85 41 77 86 87 43 93 41 45 16 94 98 27 46 17 83 17 56 8 54 55 71 92 71 80 83 28 18 68 58 62 20 41 60 63 16 9 77 95 23 3 4 11 61 47 
14 17 63 95 52 9 86 93 30 65 38 75 52 90 96 31 11 70 46 79 25 60 52 96 15 43 28 48 3 64 63 45 30 2 72 26 28 35 34 93 55 33 6 23 27 78 95 29 3 74 
45 56 9 56 18 39 44 76 92 48 15 12 64 13 23 49 76 66 70 13 7 13 22 99 58 40 48 32 44 95 66 69 59 86 1 30 26 0 53 45 82 23 19 56 61 50 0 78 23 53 
68 40 0 71 90 73 28 7 44 23 61 81 95 17 78 39 83 90 93 32 85 64 87 86 99 75 41 2 66 40 95 80 8 19 29 59 28 73 42 83 73 91 8 74 86 88 31 86 49 53 
42 42 9 55 47 63 51 89 56 34 37 21 70 84 60 18 43 15 31 77 69 59 12 72 9 0 5 67 6 91 17 98 69 76 73 56 54 44 19 43 62 77 19 84 5 84 94 50 21 28 
15 91 12 97 78 3 30 84 9 6 22 47 1 61 51 7 24 29 0 16 3 92 0 29 39 28 28 32 32 74 67 21 74 88 37 64 97 92 57 77 9 57 60 8 56 19 26 6 58 59 
92 11 99 73 5 74 27 11 87 28 20 27 57 96 78 56 2 4 55 94 65 77 66 4 40 76 33 4 48 38 92 70 3 46 11 73 61 46 3 15 73 28 56 60 4 18 3 43 28 2 
94 85 35 0 99 7 90 66 30 98 85 63 2 18 13 19 95 32 29 11 85 86 96 32 82 25 79 11 18 57 63 32 88 94 21 96 54 66 82 38 82 31 67 12 91 19 62 76 71 3 
16 77 62 14 26 17 65 59 66 86 78 74 86 52 23 92 17 47 99 40 47 60 96 39 0 54 87 40 5 88 71 73 74 18 80 32 51 81 61 53 74 92 72 65 23 85 1 23 10 57 
91 67 66 76 98 85 72 45 56 75 39 27 15 19 99 8 75 64 45 42 65 44 2 92 55 44 72 95 49 60 41 80 85 21 35 66 47 33 65 72 31 43 61 17 95 8 28 39 6 94 
46 11 43 31 46 4 64 50 22 46 42 86 9 34 58 16 54 7 15 96 81 80 35 63 0 42 67 81 24 41 54 18 99 8 38 50 2 33 67 38 9 2 54 66 70 71 34 2 87 18 
13 81 43 37 13 57 63 62 35 97 39 36 66 35 12 38 26 98 39 70 99 37 12 80 56 27 84 44 0 56 9 19 51 53 87 74 44 75 56 34 0 92 14 40 71 15 25 83 35 51 
92 5 44 60 20 15 84 97 20 81 68 86 73 26 56 3 82 92 17 98 49 65 40 7 7 10 68 40 94 9 65 71 69 27 95 1 1 2 81 97 33 74 71 88 87 39 16 79 7 67 
47 70 67 50 64 85 29 26 10 8 26 3 32 92 23 55 40 57 7 43 89 19 15 50 21 46 51 34 99 34 34 22 44 47 61 83 5 78 77 32 57 73 46 57 95 14 32 18 58 64 
82 61 63 41 31 38 21 88 24 4 41 67 71 22 28 85 18 92 65 75 89 95 55 16 62 83 21 20 19 88 74 89 61 85 47 18 39 46 72 69 63 27 38 51 43 67 4 92 85 3 
73 47 51 36 23 58 89 45 71 30 53 61 31 50 57 33 17 39 93 29 65 15 48 57 94 89 45 48 7 11 3 93 74 11 74 35 63 29 13 55 34 73 52 92 66 26 6 95 33 42 
1 40 77 93 7 93 97 9 77 22 82 32 88 51 90 46 63 31 23 62 72 22 90 64 18 25 46 8 36 29 15 66 9 54 43 2 52 47 3 52 56 48 85 78 76 32 23 5 60 29 
24 72 3 57 47 31 22 66 76 94 99 77 67 32 71 28 80 79 50 16 65 81 57 76 43 56 18 76 63 51 4 20 62 57 2 99 69 51 13 73 3 50 34 58 33 55 70 98 63 81 
66 90 93 89 80 64 69 7 95 23 44 60 63 41 12 0 84 34 92 4 41 75 48 98 34 36 5 24 27 32 69 74 28 15 32 23 5 80 14 12 71 85 53 97 34 76 31 76 86 90 
56 56 9 59 82 92 99 16 3 34 73 49 89 11 64 98 70 79 1 9 66 77 66 55 93 29 36 93 74 31 37 65 90 26 53 94 30 93 33 32 11 65 4 90 60 8 37 6 48 38 
99 19 75 55 23 47 54 9 77 43 10 91 42 52 8 99 42 4 20 65 91 74 89 22 36 34 62 65 64 70 52 19 11 38 74 34 4 11 11 12 81 79 94 62 28 32 71 37 39 0 
3 28 14 13 86 32 14 38 82 77 58 23 79 11 98 1 66 6 63 18 7 46 57 92 95 2 5 56 88 55 24 7 31 38 18 93 20 32 16 14 48 94 0 90 70 29 3 97 40 50 
97 32 68 84 96 15 76 32 35 68 93 62 98 33 53 2 7 50 92 25 41 78 81 27 77 40 47 13 22 49 51 68 97 5 17 1 22 92 78 36 16 52 72 29 31 53 9 2 53 32 
31 87 62 41 5 87 55 47 59 72 99 70 37 59 57 58 2 37 96 78 16 66 80 64 43 41 49 68 94 77 3 40 23 19 17 71 91 95 71 37 59 98 99 76 46 6 23 69 23 70 
93 38 27 70 53 9 63 9 60 49 33 18 94 84 17 64 49 42 96 0 5 5 17 13 9 14 99 67 88 16 47 65 77 80 14 8 81 33 65 1 26 94 13 98 90 62 58 23 38 52 
99 80 69 91 67 27 73 50 63 44 96 22 52 76 32 0 6 95 1 66 32 18 77 57 83 74 47 29 20 27 97 94 73 4 79 96 47 52 91 17 19 38 35 47 85 30 27 41 27 81 
9 39 51 63 4 14 54 96 80 61 37 56 84 83 49 12 2 2 35 63 24 30 67 17 72 43 18 64 5 27 92 12 5 40 52 9 4 50 27 53 70 70 95 35 2 28 28 80 23 23 
38 0 35 63 54 73 8 50 55 89 14 68 49 18 68 45 81 75 67 57 9 37 17 81 4 91 0 85 81 84 90 26 59 96 5 24 28 94 19 60 40 57 71 70 91 85 0 47 8 25 
47 23 13 28 33 76 62 69 16 33 45 0 38 71 44 2 40 19 2 16 17 54 25 69 63 73 46 26 19 60 52 4 20 91 10 33 86 13 7 0 85 85 55 7 29 74 72 22 30 46 
68 55 17 87 22 68 78 63 1 1 66 98 16 23 48 34 29 98 79 43 13 8 3 37 28 39 77 87 42 25 26 74 45 58 64 75 84 75 20 78 5 50 36 12 34 95 21 15 49 26 
85 62 14 62 2 72 28 18 87 62 76 51 45 82 94 87 2 30 97 77 22 14 1 45 14 34 57 15 94 20 19 4 8 54 85 22 47 35 82 38 43 68 81 71 50 95 26 68 11 8 
78 90 19 81 42 70 69 76 25 36 68 2 59 70 64 71 89 2 1 2 86 1 76 92 33 41 29 93 50 87 47 2 23 79 27 72 31 45 19 50 14 8 97 24 64 50 72 70 40 84 
81 96 5 36 20 10 4 73 22 43 81 82 93 82 40 8 99 66 37 73 8 73 36 38 15 4 34 97 78 9 77 24 49 86 59 23 21 74 22 4 1 6 88 38 62 50 66 35 65 85 
11 20 90 59 35 75 73 43 82 27 80 66 8 33 75 59 55 54 44 76 87 42 59 10 98 43 2 49 99 6 8 34 6 32 31 58 14 25 80 80 0 20 95 20 8 51 71 81 69 89 
96 80 87 53 96 74 44 81 69 51 16 85 21 93 97 39 64 89 47 28 43 20 83 28 66 47 51 15 35 73 62 16 63 75 38 88 22 55 10 80 47 28 66 11 50 81 65 15 85 56 
65 3 82 79 16 67 71 35 20 4 1 90 30 94 39 99 48 28 35 4 31 16 23 4 83 28 33 59 26 57 13 15 92 94 97 17 82 93 68 5 79 66 64 18 68 49 77 94 49 39 
42 19 35 17 34 76 41 33 1 14 79 21 14 35 41 6 73 81 6 22 90 51 68 66 20 90 61 4 53 59 1 85 91 42 91 54 52 62 58 69 35 96 40 99 54 90 66 82 69 35 
43 37 77 59 87 80 94 62 72 74 22 6 20 96 43 81 95 13 80 40 16 65 41 95 46 23 26 42 32 94 61 9 42 76 8 16 28 82 69 41 66 32 38 56 14 75 20 25 66 84 
16 97 17 15 26 15 61 9 86 2 27 23 65 13 62 29 84 98 91 18 65 16 87 86 47 31 51 63 29 98 80 73 54 17 55 50 90 89 80 32 69 70 43 89 54 52 52 41 25 29 
40 96 54 46 73 97 74 53 51 22 15 44 18 58 63 96 68 96 26 77 92 70 81 18 16 18 71 77 35 44 59 38 47 51 85 60 11 31 6 65 31 84 44 98 92 48 3 75 74 33 
69 31 4 53 44 10 63 81 69 97 24 35 2 51 29 67 97 50 83 29 81 34 85 84 7 9 85 35 13 64 76 89 79 74 12 23 79 87 86 3 10 96 19 24 25 82 68 93 35 32 
