40
4 15 15 31 28 4 90 98 36 65 60 63 29 19 79 79 65 15 93 25 20 29 30 76 97 23 71 46 95 98 27 52 6 37 99 12 57 86 92 51 
13 41 93 27 55 78 5 72 37 83 94 83 50 52 96 75 53 8 61 22 87 29 93 73 20 51 3 40 97 30 38 21 28 47 74 83 87 66 71 11 
58 1 25 90 3 48 83 82 59 84 13 72 99 30 84 95 70 87 97 80 34 30 27 33 47 75 31 52 59 74 1 84 72 95 52 11 81 93 63 41 
28 52 51 12 37 10 70 29 43 63 66 78 23 6 99 79 90 48 91 56 93 46 12 40 29 75 0 97 57 67 92 3 71 61 55 62 23 40 27 28 
3 13 18 4 96 12 66 70 38 56 99 57 19 47 39 11 62 70 96 68 40 71 54 88 80 65 84 3 55 49 85 44 67 83 36 49 65 19 69 95 
3 50 75 22 39 40 26 37 22 60 18 68 52 53 86 74 45 9 68 53 23 64 30 44 58 58 2 17 74 44 23 6 28 29 23 23 99 98 77 37 
14 26 16 29 43 36 7 11 7 89 81 74 13 21 57 26 34 58 54 93 15 25 44 62 17 58 98 88 33 32 81 20 5 30 91 51 79 48 38 19 
69 21 32 24 67 97 70 59 84 23 73 71 28 86 73 8 15 22 49 5 96 42 41 78 88 32 75 3 46 70 33 84 81 80 92 65 76 15 50 34 
2 53 14 97 73 82 61 96 26 95 64 39 19 49 81 74 58 90 40 76 10 65 94 92 79 28 79 73 79 11 60 69 40 95 99 34 30 9 60 53 
9 66 31 17 68 36 14 45 57 67 49 13 53 33 37 47 64 31 43 6 2 66 20 80 25 51 2 18 31 88 94 44 17 27 18 50 50 72 19 86 
53 46 27 52 62 55 0 75 23 19 93 33 40 24 15 21 54 48 72 85 4 86 4 21 85 62 92 40 5 8 48 2 75 21 90 81 36 2 13 34 
93 10 37 43 45 59 79 26 10 97 17 19 18 3 85 19 37 43 46 23 21 44 41 93 15 42 46 6 17 87 51 48 14 50 66 99 49 69 66 11 
62 35 97 40 79 24 65 99 43 33 84 81 33 69 47 99 68 23 26 92 68 33 86 23 77 73 81 4 84 2 80 58 21 19 19 9 68 24 4 81 
17 6 14 67 71 66 85 91 18 22 63 12 25 81 39 29 22 88 87 96 5 65 51 25 36 23 44 21 57 20 91 8 47 13 71 86 14 60 91 58 
10 72 70 13 63 21 85 42 58 27 65 59 2 38 41 60 2 36 44 11 91 55 9 37 54 1 33 21 50 70 66 3 88 41 88 99 36 8 40 43 
49 62 70 43 54 98 5 45 4 10 19 5 48 78 7 76 17 15 70 92 11 41 48 75 99 85 28 22 99 43 57 52 74 56 4 90 89 0 64 18 
17 65 72 31 50 16 83 12 13 20 79 3 89 44 88 66 8 92 92 2 36 57 19 49 98 15 61 90 31 69 72 91 50 29 85 71 7 85 75 42 
33 62 59 14 32 63 71 87 66 54 98 0 19 43 70 69 56 22 3 41 44 56 87 61 43 1 8 86 28 98 62 21 90 70 32 1 88 35 55 23 
2 94 48 54 4 3 2 89 65 84 51 58 81 53 69 44 59 47 54 69 86 58 21 2 48 20 36 9 61 27 83 2 59 18 90 42 75 44 88 24 
56 11 20 17 4 69 72 48 30 5 38 67 71 93 55 57 34 52 16 17 20 35 3 44 66 56 78 7 64 11 7 80 98 37 99 10 86 63 78 0 
89 41 42 48 9 92 64 46 81 1 56 5 23 44 7 36 90 2 6 29 23 15 71 66 74 51 1 38 71 36 34 29 76 49 24 80 70 19 40 92 
88 33 27 9 39 77 44 30 28 30 19 92 80 69 40 49 49 61 27 0 11 47 37 26 2 18 33 47 96 28 16 72 43 31 66 81 44 55 73 12 
39 57 37 44 31 60 59 87 19 99 76 79 18 68 45 1 12 81 89 82 2 22 19 37 31 98 33 21 6 85 22 56 52 43 96 82 76 8 51 37 
14 85 63 33 97 68 0 52 49 24 7 95 7 86 93 40 60 68 68 66 94 72 20 34 75 24 11 40 43 98 0 6 93 75 67 57 90 95 58 11 
50 48 92 60 61 86 78 29 93 7 83 66 30 47 30 72 71 92 7 12 5 33 99 67 18 1 61 32 86 27 57 83 26 29 29 36 51 45 39 80 
79 48 29 55 19 74 24 8 40 55 72 73 72 82 15 24 89 19 5 76 78 30 19 68 90 34 79 75 89 60 23 12 37 11 32 0 14 34 87 50 
19 41 26 19 93 0 88 29 12 88 26 26 48 72 15 69 93 21 1 45 38 14 54 58 56 88 14 77 57 70 81 84 88 93 1 35 84 67 38 73 
0 58 14 95 62 52 69 88 48 65 46 82 88 84 13 29 84 39 19 47 18 11 32 20 38 41 12 47 42 28 10 9 95 79 51 38 10 94 46 10 
6 65 85 79 34 33 47 10 39 40 69 88 99 24 68 6 50 75 68 29 65 86 23 96 93 88 6 7 90 87 45 22 88 14 43 91 60 93 20 9 
16 39 34 50 38 25 35 84 87 53 85 47 91 54 5 51 93 58 67 54 80 54 98 22 50 61 20 26 78 5 44 41 37 75 39 7 25 87 35 35 
45 89 79 71 38 3 45 86 80 63 37 28 10 63 82 67 15 80 83 56 4 25 44 19 38 94 56 65 86 37 55 86 70 44 17 68 39 65 22 76 
41 84 13 79 90 15 12 40 43 40 66 17 2 95 11 71 76 26 29 95 99 56 96 15 71 42 56 39 47 57 88 70 85 1 83 93 70 29 56 38 
47 73 19 21 24 41 37 16 63 29 93 98 98 87 28 51 71 35 25 86 96 78 7 8 43 85 7 84 45 94 50 57 15 43 63 64 94 75 87 67 
38 77 78 64 18 22 53 74 92 99 1 91 48 45 76 37 80 46 65 78 66 29 63 96 78 66 61 87 8 67 52 96 74 7 6 54 94 54 55 67 
62 22 83 52 74 1 50 10 79 3 84 94 47 59 58 84 72 90 87 45 26 44 36 18 98 87 57 69 88 58 60 19 46 28 9 51 73 98 73 99 
77 11 45 73 91 39 75 41 15 6 99 74 16 35 35 2 2 17 13 60 51 47 6 65 59 96 8 15 51 33 34 51 90 48 52 49 57 57 2 34 
48 84 82 6 2 54 98 36 84 65 28 59 7 44 16 54 70 8 60 56 47 26 48 79 93 56 89 72 79 74 4 64 77 90 32 5 16 93 56 11 
65 31 3 50 40 29 95 70 99 42 85 83 52 55 7 63 66 76 0 20 12 97 8 51 54 14 4 79 3 63 21 0 92 51 94 29 45 19 49 9 
29 55 95 54 20 18 51 10 62 45 32 71 96 99 82 26 58 50 20 65 9 84 25 59 6 76 49 45 28 49 4 2 32 40 17 23 94 7 17 69 
45 85 78 48 95 98 83 10 42 71 18 10 11 17 89 43 66 32 48 61 20 52 55 78 57 99 84 77 66 77 0 95 82 69 62 40 57 61 94 27 
