30
9 65 36 24 68 12 47 98 47 80 54 20 25 48 20 74 53 3 87 72 69 4 26 28 53 12 71 86 91 83 
37 38 84 81 46 88 68 98 85 26 74 60 68 39 68 20 81 47 51 66 63 98 54 93 64 16 77 0 33 95 
21 54 30 61 94 92 57 72 18 26 58 99 49 0 72 44 46 77 94 20 86 89 53 35 87 19 51 48 12 93 
43 73 0 96 61 1 40 69 63 71 59 34 88 19 65 83 68 95 72 29 11 72 11 68 57 85 64 9 3 12 
42 43 91 4 64 60 96 82 46 80 53 84 70 1 37 57 10 78 38 14 88 9 55 83 46 33 15 21 38 97 
55 89 31 59 47 79 82 93 57 12 55 94 59 46 14 3 65 85 59 92 12 79 32 49 82 70 43 62 70 14 
3 50 95 38 90 77 9 75 68 45 88 28 88 7 1 58 50 28 3 44 69 2 27 24 46 30 13 28 77 23 
72 99 97 76 68 3 72 20 58 16 20 59 0 93 41 74 51 68 95 36 79 33 52 59 3 91 12 22 71 45 
33 61 63 83 94 79 53 45 8 89 26 34 73 11 69 75 5 72 77 40 94 63 70 28 83 80 4 36 13 82 
40 13 31 91 88 95 44 75 10 67 35 11 33 77 55 85 80 99 77 20 59 89 44 5 95 41 51 89 58 57 
17 55 5 5 14 94 96 55 22 20 8 25 77 90 79 4 30 33 24 63 93 18 5 60 15 86 31 33 48 1 
29 56 97 15 82 64 51 25 17 6 29 38 66 99 77 76 60 29 87 39 57 37 96 68 14 57 97 22 85 83 
33 68 81 74 67 23 37 38 57 61 28 14 67 5 25 22 88 98 91 49 92 98 16 69 31 79 36 12 9 21 
29 11 47 63 5 79 69 28 9 91 38 82 41 17 62 61 92 85 38 95 38 43 31 56 17 33 29 82 61 33 
75 11 44 98 5 74 43 51 50 24 7 72 48 11 88 52 48 6 92 8 23 76 27 22 83 84 90 83 55 74 
31 67 96 12 17 75 37 68 1 89 58 49 69 76 63 69 21 79 3 17 20 11 30 76 52 65 36 79 86 31 
17 58 16 35 98 4 65 34 92 1 89 62 29 6 86 87 88 23 11 89 70 68 44 83 67 33 59 21 6 23 
14 7 7 32 13 65 15 4 51 91 17 26 29 74 31 58 51 66 7 89 64 0 93 60 89 19 92 15 29 22 
66 65 16 81 84 96 58 21 65 70 27 95 78 95 98 29 64 51 67 56 71 8 82 82 57 65 38 75 91 79 
42 24 58 5 99 12 29 3 23 26 82 11 74 93 56 15 40 55 53 27 67 37 98 96 99 43 48 16 75 4 
4 64 90 58 96 55 80 64 73 32 64 54 89 91 4 57 54 99 7 43 53 80 74 9 89 80 45 77 12 7 
65 13 53 67 61 13 55 7 18 54 85 72 1 47 11 75 39 48 18 22 31 26 48 33 40 61 23 61 9 63 
76 67 48 2 16 68 79 25 11 14 74 9 45 39 13 13 54 73 21 49 53 13 4 76 18 2 94 72 90 14 
67 96 76 73 70 0 53 18 72 90 60 38 99 57 96 40 10 42 48 87 14 92 26 67 61 53 83 66 11 51 
95 4 95 13 0 23 74 73 34 49 87 96 86 68 45 30 35 80 58 92 23 87 37 89 15 21 16 72 75 95 
0 0 65 95 25 1 76 31 13 7 57 27 30 74 1 84 73 57 70 98 95 73 57 94 34 73 17 26 87 50 
51 68 52 41 89 33 25 46 41 19 45 46 26 25 59 69 10 63 14 41 77 78 99 78 25 9 34 87 35 71 
36 87 2 49 7 85 71 9 59 14 93 65 6 88 26 21 56 33 20 23 37 10 63 6 87 58 95 34 28 67 
58 84 49 91 31 18 46 69 86 57 27 74 22 67 70 31 89 23 47 18 83 94 25 97 40 59 31 16 32 39 
64 5 22 24 83 10 20 47 80 15 47 65 60 14 91 59 44 34 19 46 89 71 47 54 34 61 98 24 83 75 
