100
76 68 38 23 94 94 32 25 53 81 64 90 47 31 39 87 62 98 93 4 59 42 68 87 50 52 52 75 26 31 26 26 22 6 75 50 17 23 56 8 67 4 64 9 85 53 78 80 98 73 80 20 1 8 69 15 7 42 79 13 63 19 66 64 5 64 82 92 52 83 95 67 44 3 78 42 14 61 64 87 47 31 67 73 41 11 27 77 26 71 14 3 38 17 15 41 44 58 14 20 
17 50 37 94 1 23 43 91 96 5 45 52 16 94 50 13 5 6 97 83 34 11 26 47 24 56 42 94 29 28 40 31 45 78 24 2 41 64 92 51 10 76 22 87 14 51 32 62 30 33 11 47 59 2 55 68 51 29 50 87 60 30 80 3 37 49 46 35 93 69 6 42 68 39 90 99 44 66 59 19 13 85 86 93 90 40 49 10 8 99 43 84 3 71 41 29 59 47 66 88 
40 12 72 96 57 89 45 97 91 75 97 36 60 13 32 23 71 32 88 90 15 6 17 68 63 81 65 22 77 23 16 99 95 32 49 9 7 55 4 12 79 22 50 94 77 2 91 3 29 16 47 18 49 95 17 92 26 50 2 77 97 1 37 29 81 80 36 30 25 0 22 45 58 63 12 39 18 15 79 33 49 86 71 92 48 65 74 47 68 83 57 78 5 66 24 93 59 49 42 58 
75 48 87 60 31 66 5 25 41 8 50 99 22 92 72 98 18 17 56 30 76 77 78 13 83 25 25 1 41 32 83 93 13 24 7 76 48 86 66 78 28 86 26 18 32 92 42 18 5 54 4 81 43 66 36 3 37 30 49 70 82 87 54 39 75 64 19 54 85 29 55 0 61 52 38 1 37 75 32 23 46 36 17 39 36 91 28 62 21 54 63 43 30 15 37 64 61 82 94 10 
63 81 64 98 46 15 47 2 78 97 59 18 14 48 91 17 60 28 50 40 93 84 7 5 66 20 50 0 23 72 28 95 74 44 4 61 17 78 59 70 26 78 80 45 79 53 98 59 14 96 46 55 84 25 57 0 62 82 98 7 61 6 6 2 61 32 93 51 21 45 68 97 15 58 64 26 59 76 15 64 95 41 92 81 41 96 38 59 49 85 0 38 11 10 51 23 13 22 13 53 
25 57 78 22 69 33 26 39 5 8 45 25 38 62 39 29 94 26 41 43 83 25 50 48 45 55 79 89 45 54 72 80 47 41 3 38 49 83 36 90 60 53 44 50 56 94 48 76 38 62 2 40 22 45 54 21 7 14 62 73 53 4 96 91 58 46 85 72 98 27 71 26 90 88 41 70 57 27 35 36 84 28 25 89 67 7 53 81 21 89 89 19 15 56 7 18 70 31 71 9 
25 91 35 23 70 21 3 18 68 23 8 31 42 69 59 99 96 13 23 76 87 48 7 66 92 70 42 93 79 4 10 21 14 81 36 94 91 6 42 94 53 27 3 59 59 64 27 38 61 85 67 90 82 26 60 23 95 34 5 0 56 2 68 24 76 34 94 45 75 57 42 69 61 72 79 54 39 2 25 45 53 37 23 36 60 59 80 82 49 95 72 68 3 28 99 21 31 67 12 30 
5 34 0 92 72 32 9 51 74 17 46 25 9 62 69 73 66 68 56 22 9 23 55 40 67 19 54 57 96 90 67 16 29 48 39 22 37 12 69 31 12 80 33 38 17 0 94 97 32 72 3 20 97 52 85 79 4 86 66 47 27 56 23 30 10 11 7 45 64 44 79 28 25 49 62 27 76 79 62 28 95 47 82 71 69 64 63 11 66 86 54 96 19 93 55 59 14 8 80 99 
35 63 90 84 57 88 13 21 94 39 56 42 49 86 43 9 14 93 53 51 33 86 86 72 97 65 5 8 88 98 3 20 27 99 31 77 52 93 47 40 44 60 2 15 12 37 80 96 87 20 18 52 9 94 14 18 72 3 87 54 20 89 87 85 70 91 2 77 82 29 27 79 65 58 10 72 38 34 72 84 5 5 36 56 70 27 71 28 97 33 38 18 50 10 97 98 92 58 7 75 
59 68 78 71 10 56 84 19 85 92 16 50 96 80 5 17 32 16 32 55 11 30 6 3 62 33 91 3 24 14 50 15 75 97 86 7 3 28 70 10 27 4 43 26 7 45 94 57 12 41 49 50 63 29 94 96 68 52 99 91 23 77 26 77 38 44 77 29 15 76 11 28 78 16 57 40 66 44 75 10 8 19 38 95 72 59 84 39 84 82 12 11 61 16 24 98 52 94 34 51 
87 77 30 5 8 71 34 15 42 8 35 7 85 85 52 54 27 73 10 60 38 20 59 90 32 59 96 52 6 30 9 41 54 12 40 21 75 62 71 4 67 51 99 68 19 88 98 69 23 5 32 65 70 20 22 69 87 26 26 9 38 76 63 76 96 59 84 9 33 56 55 82 60 32 60 70 34 95 33 78 25 48 48 16 84 61 75 20 12 21 1 4 17 17 31 28 31 31 20 23 
28 26 34 6 6 50 19 55 83 59 19 82 33 70 41 91 61 68 46 43 99 12 67 97 91 4 17 49 0 72 14 53 7 71 8 0 96 42 11 57 92 51 62 12 18 15 42 44 91 4 25 53 69 11 66 80 21 38 70 90 61 90 35 30 61 23 58 48 59 33 10 31 54 23 81 33 56 59 64 46 79 86 94 83 70 38 34 34 13 58 29 44 74 4 75 54 0 51 67 13 
58 89 18 53 42 56 33 20 36 89 47 25 89 93 24 36 33 96 89 65 45 40 6 54 35 92 46 17 35 2 67 79 42 47 13 67 70 41 17 7 74 23 82 45 38 89 96 97 58 23 29 71 91 61 45 21 66 29 15 20 70 89 23 44 98 71 11 89 24 39 33 8 81 76 94 55 64 91 93 42 11 9 75 67 32 12 11 89 98 30 16 49 77 11 6 46 59 0 30 35 
30 57 65 23 54 3 12 69 44 42 11 66 33 79 15 29 89 30 43 77 93 13 95 18 48 76 36 50 21 76 32 46 62 99 13 58 80 89 25 41 59 95 98 10 30 10 93 29 49 90 65 31 39 72 84 26 74 17 85 63 7 42 70 17 18 42 74 11 23 83 0 14 15 41 70 86 58 0 65 19 59 61 38 92 21 48 65 17 41 25 42 54 45 97 96 48 52 29 47 66 
21 95 24 88 58 4 32 73 60 66 30 52 93 6 24 15 3 65 56 47 28 61 22 95 92 3 78 95 54 93 41 72 91 70 56 91 14 25 79 60 33 64 37 11 21 9 57 58 96 87 75 32 91 76 1 81 24 50 99 38 10 45 67 69 92 60 13 84 77 64 84 87 84 21 22 75 29 15 5 77 44 14 55 89 74 50 56 9 64 40 49 93 47 41 81 85 6 73 59 1 
93 47 81 61 2 51 60 90 32 59 90 98 48 90 67 80 45 44 66 15 84 55 78 49 40 26 99 99 21 25 73 96 12 68 44 11 47 65 49 75 25 25 26 23 72 55 94 55 57 78 11 62 50 8 83 53 55 31 33 96 94 55 33 60 56 3 73 57 86 30 23 35 94 62 81 25 87 92 63 5 92 62 51 3 75 31 35 60 51 73 80 23 48 73 17 89 55 15 58 26 
91 76 27 16 10 2 69 39 74 47 91 66 23 6 47 98 73 32 31 88 36 3 83 94 4 37 74 47 80 28 13 39 51 37 85 4 65 43 40 26 52 22 82 66 14 42 46 34 80 2 12 33 49 29 63 94 2 29 67 2 66 91 89 40 45 2 76 77 31 55 5 90 34 91 23 38 33 53 84 56 11 43 72 45 24 40 62 82 65 19 34 67 83 55 95 32 10 44 98 45 
19 18 36 54 11 48 4 76 1 43 89 84 43 78 11 53 88 3 2 52 81 8 17 24 22 52 57 76 30 53 45 39 39 47 14 63 92 78 23 50 16 45 42 33 31 42 27 70 93 87 7 21 47 20 49 51 43 79 89 40 40 66 30 0 94 10 70 88 44 13 17 67 11 14 10 60 52 21 78 31 31 15 99 48 15 31 86 11 6 79 34 55 65 34 52 14 80 28 44 87 
76 41 38 43 15 34 78 72 30 97 13 56 78 20 48 26 12 73 84 60 34 93 41 30 92 91 21 38 81 52 84 42 72 18 41 66 22 86 40 15 36 51 56 73 26 53 1 35 15 2 50 83 29 40 93 60 2 68 35 25 45 31 63 97 38 84 71 20 61 85 6 58 86 80 99 34 47 30 66 91 83 78 25 14 62 81 82 63 26 85 87 46 32 76 28 62 61 79 16 18 
17 84 19 24 37 54 33 11 89 88 24 1 61 53 21 11 61 59 32 45 12 65 13 9 82 87 31 74 15 46 60 15 96 50 16 19 93 6 7 85 52 78 82 5 28 34 30 4 38 74 12 42 14 22 36 22 44 89 33 92 72 67 95 46 4 48 76 80 73 47 81 47 60 12 80 37 81 91 56 99 5 19 9 11 42 6 66 5 84 33 85 54 46 12 36 9 75 89 51 3 
21 27 11 65 42 55 27 7 3 10 14 59 78 21 79 24 44 30 53 99 23 48 99 13 46 71 1 51 39 65 25 27 30 13 80 99 68 71 73 60 63 68 5 84 65 96 74 17 77 50 74 58 69 65 27 25 38 6 36 93 58 25 19 52 20 56 66 89 11 2 97 71 12 58 41 31 11 25 83 93 36 94 44 16 50 93 50 85 30 42 5 89 2 80 68 96 14 46 27 31 
43 70 0 89 55 6 6 6 2 84 97 53 62 30 61 16 43 58 47 62 25 71 82 1 42 79 92 5 25 85 16 86 53 51 20 34 72 9 83 83 47 75 44 92 91 70 51 10 34 55 2 95 76 85 5 3 61 89 99 60 52 11 32 24 19 56 67 97 54 39 1 69 6 65 13 39 54 90 71 2 56 1 28 57 62 88 23 33 69 54 78 4 72 30 9 51 38 21 20 71 
49 51 84 0 7 19 67 26 67 73 9 69 30 18 80 80 4 32 24 78 69 19 56 90 84 59 53 22 71 79 28 68 30 15 52 44 99 99 18 80 63 65 81 5 90 98 38 80 41 80 36 39 5 51 65 6 25 26 85 29 80 85 9 83 1 10 52 61 84 65 38 14 58 5 38 40 25 52 70 12 78 98 18 34 97 15 86 96 30 67 77 37 91 96 70 17 41 67 94 8 
19 23 16 72 23 76 1 17 40 64 25 25 22 60 36 0 44 74 62 75 32 46 56 40 98 87 87 45 35 0 28 63 25 32 23 26 95 75 82 12 89 43 58 82 30 96 0 14 12 36 17 91 3 23 67 64 47 74 69 29 38 79 63 12 52 17 11 47 69 46 17 45 78 8 73 96 30 60 62 43 28 58 51 70 13 77 15 35 52 30 51 35 27 81 27 66 25 80 25 3 
97 2 77 52 34 55 54 67 21 61 72 15 84 63 65 70 69 94 81 11 87 6 9 99 41 38 79 61 45 77 92 44 73 29 60 82 56 61 74 42 47 95 68 42 84 24 78 8 41 8 56 7 82 83 19 46 5 79 16 9 50 27 72 16 6 59 56 62 26 85 68 34 89 30 19 28 44 24 18 99 62 93 31 47 75 44 62 96 34 34 6 87 54 54 53 91 51 74 29 87 
94 76 61 51 87 30 69 58 96 67 22 76 15 27 49 12 73 29 65 37 41 19 89 65 31 6 92 67 6 49 89 83 34 1 95 36 32 51 78 59 48 26 77 63 84 3 79 0 15 43 32 80 5 68 53 17 35 5 96 94 27 52 31 85 69 81 56 70 77 13 6 30 36 32 47 23 10 97 85 5 11 53 72 30 59 32 17 34 21 64 69 24 27 30 86 86 19 23 19 93 
85 44 96 85 32 6 96 81 45 89 30 30 16 8 60 38 70 94 2 20 72 5 80 31 57 45 31 20 63 47 25 73 88 11 29 19 9 87 17 49 24 15 28 43 30 19 92 26 7 48 92 79 70 39 8 97 98 3 37 97 91 78 29 5 76 16 73 57 93 40 73 82 28 91 1 4 88 22 84 80 42 44 47 95 94 75 49 42 74 77 70 79 38 87 47 1 2 73 39 33 
45 19 8 57 56 21 30 89 88 70 13 32 86 84 10 41 11 28 55 36 32 75 48 8 36 67 95 66 77 63 57 36 9 63 6 45 13 48 82 39 37 27 82 51 71 94 95 99 15 18 51 33 36 54 36 75 1 85 54 12 66 2 33 99 38 85 56 36 78 78 71 44 91 99 55 9 46 11 36 99 93 2 44 45 35 24 62 41 53 85 58 51 32 58 0 5 58 8 45 48 
12 37 27 14 30 48 4 93 47 23 22 56 37 72 94 85 93 53 6 44 8 60 22 90 33 75 77 14 50 81 90 33 31 7 83 28 50 6 18 13 45 22 20 54 99 42 81 5 33 67 63 17 38 21 83 50 45 25 34 38 59 50 93 80 21 58 59 26 15 76 36 94 9 40 56 61 19 66 2 1 64 41 43 93 7 45 79 23 37 48 25 82 27 14 0 1 29 95 23 77 
13 2 39 11 14 69 24 82 64 76 80 60 49 26 76 55 11 7 65 28 72 52 51 96 15 18 22 72 33 50 14 31 68 65 57 18 77 76 5 59 92 7 24 23 25 44 14 87 62 55 29 86 71 52 68 42 88 1 12 56 85 47 73 9 16 48 60 20 93 51 66 22 58 43 68 5 55 5 43 17 24 22 72 97 82 30 56 7 32 20 5 30 54 58 84 28 85 71 79 72 
83 92 65 90 62 57 26 64 68 35 21 17 25 99 32 44 28 68 34 51 49 22 65 97 28 83 35 99 84 67 31 87 70 41 36 15 81 60 81 17 71 28 1 80 49 35 20 92 82 64 11 38 82 67 0 43 54 65 89 70 47 96 83 33 79 36 28 73 49 45 30 43 9 77 23 8 81 77 49 64 51 60 51 4 50 80 67 89 9 46 12 53 47 72 47 93 97 82 45 72 
15 3 67 4 2 58 79 99 83 37 81 65 51 21 30 17 43 40 9 38 0 88 26 77 44 85 79 68 97 27 7 33 7 18 22 49 12 95 57 16 44 56 7 35 56 11 76 62 99 83 42 56 96 41 64 76 27 3 8 22 7 3 25 75 9 99 95 57 6 92 8 63 44 41 51 42 91 14 88 10 52 26 94 60 80 35 89 68 70 53 69 42 70 42 21 73 57 77 24 50 
46 37 37 56 36 53 9 13 51 34 35 1 25 41 18 89 1 11 79 12 82 19 54 33 86 32 65 29 47 41 31 41 0 65 32 36 54 3 66 93 81 91 37 75 66 63 53 16 74 77 28 52 56 62 31 23 80 69 97 7 12 6 71 73 65 14 40 33 47 75 29 57 44 40 30 48 98 60 99 65 0 49 49 88 58 17 37 7 32 36 11 85 50 48 77 12 61 70 51 73 
68 90 55 2 6 23 5 16 23 12 61 15 34 27 50 36 2 61 63 50 5 79 89 64 38 32 8 51 91 55 35 83 43 91 98 12 79 75 95 20 8 64 74 36 93 3 62 32 10 53 81 40 52 16 44 65 85 53 24 25 8 79 13 47 70 83 32 79 32 31 20 10 45 4 78 89 96 93 3 41 92 97 76 72 24 93 88 3 69 80 41 19 79 7 96 93 11 41 17 58 
16 44 84 24 2 79 13 9 88 61 11 86 82 30 39 67 86 16 57 66 80 96 3 89 73 99 66 93 88 18 67 97 20 46 43 93 23 9 8 70 29 22 95 31 30 27 82 44 57 30 70 30 76 5 71 38 65 67 57 4 20 73 76 18 48 46 8 81 96 55 50 68 86 30 98 12 54 93 17 37 90 43 45 55 63 80 84 51 8 11 86 53 58 50 55 23 71 62 20 49 
41 0 35 73 71 87 66 53 96 3 5 79 44 63 44 93 67 24 7 72 65 59 89 15 60 86 92 49 5 66 79 95 90 96 64 39 1 46 33 58 43 45 61 53 28 58 19 53 54 38 34 60 81 99 2 44 69 92 64 43 7 72 29 77 83 40 8 50 4 52 72 48 2 12 85 29 97 24 8 85 78 25 23 76 39 95 44 7 76 44 50 50 97 75 89 2 44 55 27 68 
15 39 59 10 31 23 6 20 28 13 65 95 73 73 94 44 16 22 96 37 47 43 86 6 6 91 65 9 85 86 49 7 11 36 33 11 77 79 31 14 20 88 36 98 41 19 61 3 24 22 46 68 73 1 57 46 43 11 35 65 78 24 63 19 67 95 60 73 32 27 84 70 54 19 83 98 64 90 74 38 58 13 10 38 78 44 93 79 43 25 68 99 23 85 68 18 88 51 98 36 
39 95 33 65 22 16 98 0 17 75 96 25 14 52 72 5 77 67 72 65 79 91 43 0 69 70 24 86 85 14 88 2 52 24 55 78 91 12 23 50 68 17 40 87 77 27 63 99 16 95 26 67 6 58 18 13 78 66 35 83 15 43 58 32 62 86 1 38 65 8 80 30 20 5 28 1 71 54 8 79 22 70 37 46 77 83 99 44 67 94 14 2 61 1 79 3 33 59 87 61 
82 38 98 35 83 14 90 6 79 61 39 30 31 79 71 94 71 56 43 99 61 53 32 11 92 54 92 6 29 5 50 86 19 55 29 41 40 60 13 32 37 36 52 2 35 11 19 46 21 74 37 5 38 40 54 34 43 28 49 37 26 32 9 27 38 55 49 16 7 56 22 5 27 35 22 16 46 5 78 91 83 21 99 50 95 82 54 90 91 80 62 12 56 55 60 89 59 90 33 64 
32 5 32 1 10 22 58 41 88 82 18 65 52 32 35 11 41 83 74 64 44 66 59 15 75 26 67 87 65 83 74 73 71 31 27 65 12 28 16 28 1 57 9 63 48 81 46 90 66 48 13 20 69 26 19 38 83 34 39 3 57 8 12 36 16 31 51 5 85 67 56 45 69 46 95 82 68 99 96 69 88 60 48 61 54 24 59 2 56 66 55 42 34 84 79 24 11 1 29 97 
72 41 6 0 72 6 74 45 60 9 93 27 81 35 86 88 88 80 83 50 26 26 11 63 13 82 14 37 52 55 8 24 10 44 21 69 3 96 44 61 39 9 8 8 19 82 19 36 31 94 43 98 38 75 43 15 33 43 19 71 23 7 16 47 83 58 94 9 60 49 20 38 5 89 18 4 0 97 87 78 6 34 23 90 86 49 0 66 55 20 32 86 92 57 53 61 45 44 17 30 
0 0 99 56 95 78 99 59 66 47 55 38 82 71 22 18 95 98 37 51 27 63 82 54 15 16 92 19 27 78 94 50 83 82 79 54 9 16 27 78 11 4 90 36 22 91 61 50 21 0 38 43 7 97 16 12 56 56 60 5 39 84 96 8 5 25 34 85 6 43 26 15 9 16 56 39 74 80 40 51 97 43 80 94 14 78 16 82 27 54 41 15 97 6 84 68 39 20 88 68 
79 79 43 52 87 60 73 88 40 16 74 47 97 82 86 63 62 46 76 66 40 33 96 92 78 84 10 18 59 80 39 21 95 16 7 40 29 60 70 42 57 9 29 8 46 73 80 3 75 21 65 91 68 74 4 21 74 9 38 19 75 43 61 89 67 46 10 23 86 66 66 86 44 8 27 25 65 73 63 38 66 14 75 77 73 64 41 81 80 47 96 45 89 97 53 43 98 5 80 49 
16 9 41 12 87 65 53 58 84 73 97 47 55 11 81 69 56 15 59 85 88 80 47 26 74 41 28 89 93 8 84 90 42 62 36 7 34 40 99 43 0 34 28 43 77 67 85 85 58 72 3 53 60 66 0 85 83 51 4 88 0 93 11 7 8 23 42 88 66 37 88 53 14 23 92 58 25 49 97 79 33 38 84 72 49 71 19 66 2 44 95 95 73 54 25 27 34 20 79 63 
78 35 42 62 4 48 7 59 26 74 22 65 38 94 2 63 61 24 40 61 57 23 72 91 15 88 78 69 28 15 95 0 63 72 83 36 80 34 35 43 5 27 43 61 30 23 6 14 20 85 35 94 62 20 52 0 76 36 18 19 93 55 7 82 17 47 28 10 61 52 91 5 37 58 78 46 75 1 7 4 45 30 67 34 15 44 62 5 52 20 12 61 43 49 86 9 67 67 20 96 
58 95 84 19 87 48 5 33 47 73 89 98 17 75 69 64 79 3 46 28 80 53 73 9 13 51 8 43 93 13 37 78 21 6 20 59 22 77 17 52 40 46 8 36 39 44 41 95 25 27 80 66 80 67 41 92 80 33 58 38 72 62 53 93 68 41 65 89 87 61 26 61 56 85 61 82 24 21 22 25 15 6 81 10 47 65 32 99 22 42 51 78 92 48 29 83 21 97 35 74 
81 7 99 2 5 53 15 31 8 25 62 1 16 88 36 94 46 77 69 9 0 50 51 45 20 12 93 50 91 21 80 14 53 65 66 41 5 75 26 15 53 98 19 12 31 24 13 86 52 46 98 90 66 58 74 37 29 30 53 25 18 34 22 13 62 66 89 69 23 33 63 23 18 54 38 44 70 6 48 20 30 27 89 94 48 73 65 74 62 14 60 40 93 35 60 58 81 5 49 98 
90 86 17 71 85 27 59 23 96 75 66 54 35 2 58 49 66 91 67 62 76 16 47 71 58 20 39 42 38 0 58 61 88 19 76 31 98 95 81 11 53 70 66 28 39 13 83 75 8 17 80 66 66 39 62 10 32 34 93 32 96 53 39 84 84 30 24 6 10 23 90 34 49 72 56 44 16 26 38 17 67 66 40 77 73 57 25 98 91 33 36 45 99 89 25 57 90 91 58 81 
77 83 48 27 28 12 49 48 80 27 25 66 13 83 96 17 56 89 7 45 3 35 55 73 45 40 12 98 85 73 37 56 94 71 92 55 94 42 40 88 59 33 14 62 23 71 67 39 72 82 97 45 76 70 11 44 47 14 68 1 3 32 85 54 46 79 17 92 59 67 69 70 34 36 89 1 26 35 78 71 0 5 59 61 10 90 19 53 15 3 13 77 27 97 38 68 48 47 21 51 
35 78 57 80 12 76 16 7 76 6 39 48 33 95 29 41 61 50 47 24 13 31 6 27 57 99 53 82 97 75 98 45 6 56 14 22 2 28 33 36 42 16 60 55 19 6 39 45 53 74 7 39 92 42 36 77 93 67 25 79 52 62 17 49 52 80 46 65 4 78 37 57 53 50 84 31 93 31 48 18 66 31 96 44 81 68 79 73 15 31 7 72 5 14 38 27 37 54 61 53 
9 17 40 16 31 3 76 50 99 62 85 30 64 88 69 28 95 96 31 41 3 70 73 72 14 17 24 23 9 27 77 70 53 60 14 7 38 75 35 70 26 75 14 67 87 41 54 34 31 68 4 71 1 58 21 84 41 33 9 77 20 46 4 31 13 57 14 57 12 51 89 47 34 5 91 0 63 63 67 79 20 70 45 58 9 91 86 84 22 72 19 18 90 48 37 73 93 46 37 42 
27 35 82 62 46 46 12 85 57 26 1 19 83 63 27 7 71 33 89 24 14 63 83 64 51 32 9 11 40 76 3 82 30 61 43 35 50 93 44 46 39 92 75 69 4 96 98 4 3 97 88 23 68 74 60 69 56 18 34 59 59 19 28 14 36 11 75 30 92 97 44 0 66 96 58 58 14 3 62 14 61 7 82 86 25 77 96 4 15 95 14 55 29 28 72 28 95 13 14 50 
29 32 24 1 14 11 40 10 33 69 14 26 37 29 44 56 29 48 97 49 41 54 4 11 27 8 18 70 30 30 80 91 99 60 92 91 12 47 51 88 82 86 63 71 16 50 19 38 91 27 48 24 91 44 57 16 80 82 91 11 48 2 46 23 70 66 83 5 50 3 6 73 88 93 57 9 52 59 72 16 59 5 33 14 83 36 52 46 85 13 47 11 47 70 19 64 22 82 86 39 
34 0 50 25 21 72 88 72 38 38 50 37 2 24 47 1 94 46 1 96 17 61 50 2 18 45 23 59 13 84 9 29 98 1 50 35 26 54 52 36 78 59 46 47 12 54 68 23 9 27 28 28 45 13 27 45 61 64 55 95 66 92 56 79 35 27 54 96 29 94 0 38 29 12 99 75 36 85 78 55 6 51 86 55 80 51 59 70 99 98 26 61 43 74 83 13 22 21 30 68 
94 62 85 24 45 32 41 40 98 87 82 9 19 72 86 76 39 73 50 51 82 83 96 45 44 58 5 68 9 19 46 70 44 84 95 16 8 28 64 36 32 45 20 57 38 96 32 29 1 65 84 87 57 76 33 82 38 7 19 15 74 98 47 67 0 17 46 21 92 62 40 59 75 63 99 23 17 43 1 55 59 25 93 30 88 56 62 97 28 43 41 14 20 49 68 3 65 69 45 75 
82 94 46 55 86 33 52 48 30 48 71 73 73 34 36 36 71 12 50 78 39 29 47 13 46 77 78 25 40 85 21 2 63 62 21 98 38 75 12 83 63 51 32 8 70 44 90 37 50 87 17 8 87 68 40 16 10 5 40 90 36 14 86 23 53 97 82 57 6 53 28 27 99 53 64 60 3 35 23 2 53 94 92 80 83 97 73 91 66 33 90 69 98 67 96 48 90 0 32 83 
92 55 99 34 17 85 85 32 83 11 11 57 48 39 2 54 12 0 34 23 4 30 64 3 53 3 95 71 45 69 22 89 12 88 23 39 63 35 9 41 46 67 69 4 83 85 31 21 93 13 91 22 31 91 62 64 50 66 74 79 65 32 51 47 3 10 90 91 36 88 92 15 37 73 78 6 55 89 43 94 70 0 8 2 43 77 69 8 77 3 98 88 84 36 60 32 32 55 78 40 
4 24 44 73 56 48 86 51 46 57 7 93 85 33 68 62 71 15 84 82 33 76 7 34 45 37 95 73 0 61 3 8 30 21 39 0 2 55 41 35 45 77 22 93 67 24 12 66 65 82 36 23 6 7 73 81 75 48 35 13 79 82 63 65 80 86 20 52 20 67 15 3 88 84 92 87 83 69 28 59 8 4 87 22 25 18 91 94 48 36 49 78 8 99 32 93 37 68 83 0 
85 65 35 17 43 90 97 67 70 47 32 11 60 36 27 68 14 47 87 79 83 73 19 38 7 40 11 59 5 21 33 13 94 59 34 59 39 32 42 28 3 32 71 92 1 55 72 9 0 71 75 38 36 0 43 37 13 57 16 68 8 25 61 79 7 34 84 60 6 37 50 31 92 46 79 85 27 35 24 45 55 46 16 38 34 36 8 76 30 46 95 78 86 70 19 97 70 78 17 92 
77 41 78 0 97 99 66 38 22 88 13 39 72 60 65 87 87 94 23 95 37 27 43 94 95 71 11 40 78 27 25 71 9 53 32 62 47 45 84 39 58 85 86 64 75 53 64 97 46 97 91 74 91 76 90 37 83 89 14 16 25 45 71 97 40 97 50 90 57 89 7 32 87 34 23 51 23 33 27 37 3 10 92 64 63 64 54 18 26 38 71 44 11 23 32 7 84 7 39 75 
8 67 61 17 65 12 69 93 89 83 11 13 30 12 46 14 62 77 79 45 12 78 26 1 61 7 12 23 71 69 68 51 80 3 84 27 48 78 23 94 32 61 8 67 99 31 46 60 31 85 7 10 61 23 76 14 67 51 83 59 47 27 84 11 32 65 30 49 36 0 1 17 9 21 97 86 2 28 99 49 39 61 88 25 93 28 12 41 96 1 80 82 78 20 75 14 48 77 3 67 
93 75 72 31 67 93 11 66 99 46 65 14 57 38 71 47 41 54 70 76 88 91 48 64 54 76 93 38 42 95 45 49 96 87 83 12 15 35 95 19 18 38 44 90 54 10 16 66 19 31 82 51 17 34 99 54 81 72 99 76 35 86 34 67 27 26 30 83 49 36 2 58 87 86 5 54 45 30 67 72 72 91 41 39 24 79 25 82 1 63 52 71 37 16 55 41 35 7 81 69 
48 52 35 29 2 85 67 62 67 66 35 80 76 53 50 0 87 36 9 34 89 30 64 97 40 87 68 76 96 11 9 42 16 27 40 94 40 17 70 85 24 70 70 42 92 25 97 70 90 42 65 20 16 40 75 87 95 96 57 30 43 68 56 5 50 57 83 24 59 94 7 73 91 77 70 70 50 59 63 88 96 48 51 98 12 77 66 96 23 92 73 21 82 89 1 55 58 94 30 15 
44 92 29 87 40 73 80 85 91 36 43 47 66 28 72 95 20 34 44 70 99 85 65 52 54 87 93 60 95 86 5 27 75 56 84 86 96 21 99 73 56 72 73 2 75 65 67 35 23 30 45 86 28 80 89 43 56 61 62 63 57 48 18 16 57 82 8 72 75 28 12 96 99 86 57 94 80 63 14 79 51 30 30 11 78 93 61 74 22 16 83 69 41 94 63 98 64 85 6 70 
36 4 16 37 30 70 92 27 29 45 79 37 51 1 98 90 23 4 5 30 58 39 12 46 3 78 69 30 1 41 41 59 56 75 89 36 71 89 9 24 81 4 43 27 3 63 61 75 46 36 24 65 86 62 90 5 94 42 52 35 81 70 13 48 62 26 71 97 84 62 0 23 68 61 54 44 3 77 75 1 69 23 71 61 60 90 52 51 51 56 92 69 46 21 83 69 95 1 40 56 
15 81 65 1 51 70 23 64 71 34 85 17 76 51 2 21 62 2 14 16 37 25 81 92 98 66 54 65 18 96 82 38 18 71 57 5 29 16 96 75 35 67 14 83 68 38 17 25 30 83 20 7 65 13 34 88 35 8 34 5 32 91 78 57 96 72 71 45 4 79 43 81 59 83 94 34 21 54 83 61 87 60 15 89 62 80 24 81 3 19 11 69 48 82 16 75 52 26 0 97 
25 43 5 43 63 98 66 83 62 45 21 42 72 93 6 25 5 26 87 40 28 8 74 76 99 1 84 47 32 27 34 23 10 0 54 87 11 65 25 6 91 81 83 38 39 99 21 17 73 7 82 16 36 22 58 47 52 91 77 57 63 79 23 97 35 6 37 51 91 83 95 30 14 95 17 39 55 85 21 42 91 7 3 77 65 17 71 18 40 74 96 74 84 13 30 92 91 56 7 94 
95 61 48 12 68 35 35 92 60 80 21 39 7 33 12 27 65 74 46 36 19 48 5 68 37 21 48 43 39 28 32 0 59 6 41 12 19 25 36 69 89 51 81 94 64 63 86 22 87 24 90 74 84 99 24 13 25 40 68 51 2 8 32 93 48 27 1 57 55 33 61 90 40 31 77 80 94 67 52 26 58 16 91 88 63 1 93 47 44 9 42 12 25 2 7 46 44 55 88 96 
23 94 82 3 68 94 14 88 22 30 20 95 8 13 65 45 9 55 11 68 46 29 66 57 7 44 84 49 36 74 50 9 4 90 87 69 21 71 23 64 64 1 40 14 72 60 49 94 82 77 7 79 55 27 45 55 57 15 56 80 72 81 52 43 50 87 51 14 87 11 12 93 67 42 37 70 78 83 94 3 33 79 73 36 10 95 37 65 86 15 51 22 37 95 97 55 59 39 36 36 
6 8 45 34 31 62 55 63 54 85 4 35 66 9 32 32 37 78 25 21 99 24 69 31 61 8 30 41 42 28 88 14 42 50 19 97 61 33 78 9 27 35 79 59 2 3 86 85 79 79 54 61 35 18 26 75 13 69 69 60 93 35 16 88 91 44 33 83 69 55 57 84 59 68 88 26 29 17 73 69 8 19 26 25 63 97 5 99 2 73 48 49 72 53 71 42 29 6 96 15 
42 99 77 61 37 5 6 49 6 30 6 91 45 9 44 23 59 1 95 69 22 73 46 87 84 60 91 41 40 89 62 58 29 99 18 14 73 92 38 40 94 64 57 67 4 85 0 40 6 77 32 91 15 8 52 51 65 53 50 87 76 64 41 72 61 22 56 9 31 32 50 91 92 61 77 41 26 0 83 39 72 63 31 7 67 47 77 53 78 88 93 26 1 95 9 12 31 79 70 33 
55 90 84 33 1 2 28 5 47 85 27 38 50 45 38 31 72 45 77 37 59 76 7 61 11 19 84 39 74 39 78 50 65 73 79 31 9 88 16 52 75 1 27 86 88 96 47 43 32 30 36 62 77 31 74 36 55 52 48 25 67 59 74 80 81 2 40 40 70 73 18 0 50 23 28 63 17 97 39 21 73 35 3 73 76 88 16 71 15 88 80 45 46 61 15 19 35 88 45 74 
87 46 66 35 13 67 64 76 90 58 26 2 6 15 61 77 99 66 34 3 96 34 12 44 62 62 88 60 72 75 65 22 78 7 63 24 10 98 2 94 54 52 55 23 86 75 14 99 51 98 28 38 18 7 65 26 27 66 31 86 98 24 5 71 71 36 38 51 94 71 82 8 34 87 56 71 87 54 30 95 75 57 98 70 74 73 10 22 46 17 54 68 54 2 74 91 91 56 55 72 
77 59 68 43 53 39 11 89 8 48 62 93 68 53 51 46 86 79 95 17 31 27 78 56 52 86 85 15 14 93 2 0 20 17 93 91 64 87 65 36 96 26 37 40 81 23 80 41 83 42 96 31 53 99 55 85 65 55 85 34 35 78 23 93 81 33 80 48 14 85 21 89 73 79 63 80 35 87 81 62 26 77 18 87 80 91 44 4 91 49 79 45 30 94 97 89 38 64 78 17 
76 96 45 5 94 32 33 51 29 61 22 26 37 37 24 86 57 6 19 15 87 29 46 4 92 31 73 87 77 98 89 31 65 79 27 41 91 56 90 27 72 29 83 82 58 29 26 36 12 35 78 36 50 38 46 30 29 99 95 63 20 69 75 13 10 24 60 67 76 83 74 9 4 55 91 19 35 97 97 20 52 79 98 10 78 65 47 28 40 87 39 9 41 43 88 84 67 77 56 81 
37 46 33 20 76 34 51 32 46 94 76 71 50 19 70 48 84 25 69 50 94 75 44 37 38 92 14 44 95 43 38 86 58 68 96 9 88 72 43 69 1 59 83 41 61 1 4 33 37 74 49 24 86 11 44 52 93 7 87 96 6 6 24 62 55 46 66 44 81 31 79 14 38 73 50 77 34 54 42 78 99 41 34 85 17 71 97 4 28 48 26 73 53 74 20 42 0 19 91 48 
27 41 86 31 88 47 6 84 40 90 57 60 48 17 1 69 22 31 28 63 18 72 51 59 68 75 79 44 21 35 92 30 41 4 34 88 30 61 50 53 64 97 57 72 46 35 73 42 78 67 44 48 78 2 43 5 38 33 8 46 22 3 44 18 19 25 33 14 34 8 22 82 13 22 54 20 83 66 45 10 37 54 35 3 14 27 45 76 59 68 77 78 83 42 79 7 74 76 99 19 
27 75 47 28 16 87 31 18 82 14 0 65 49 18 99 69 17 45 93 76 53 87 48 6 92 65 89 86 18 33 30 97 97 75 88 2 5 55 85 61 62 12 67 1 93 17 21 44 91 83 80 33 9 28 98 17 93 67 83 83 18 72 80 7 79 39 85 62 47 61 76 93 81 84 88 75 83 37 69 18 87 55 24 98 9 97 7 68 74 36 76 9 39 9 30 73 79 28 22 45 
94 71 72 27 78 40 70 78 75 60 58 1 83 57 99 43 13 20 95 73 19 81 8 5 0 64 24 8 20 32 12 31 35 75 28 17 32 6 90 16 14 99 61 11 54 1 69 41 32 35 21 58 45 18 99 19 86 64 66 70 38 78 38 99 70 78 22 37 93 70 50 38 80 14 67 51 36 72 56 40 7 91 42 1 58 29 46 34 60 71 92 57 85 59 68 61 30 32 68 66 
72 19 72 72 12 69 29 33 97 34 46 12 86 48 10 92 3 48 88 87 87 55 29 76 45 5 87 11 27 81 90 48 89 53 47 77 91 52 50 94 41 61 58 48 44 14 53 86 17 39 26 25 3 26 54 55 10 8 78 95 99 37 78 63 0 69 24 30 4 19 9 68 8 16 53 89 5 13 38 7 74 65 58 26 47 30 23 90 8 23 5 74 75 52 98 11 73 90 50 95 
51 45 1 49 86 44 22 43 26 17 7 56 55 6 70 72 43 96 47 65 87 2 12 39 49 6 32 68 91 4 61 71 6 24 27 92 43 27 37 33 98 66 6 79 45 59 33 67 0 88 68 64 63 38 92 19 17 71 78 47 12 52 61 67 2 91 15 29 31 1 54 48 30 51 88 82 90 87 20 56 89 26 40 72 84 90 68 50 66 74 80 35 91 82 55 66 26 69 20 12 
54 76 69 60 2 86 48 88 24 51 70 7 52 46 32 44 74 82 88 79 41 85 64 32 72 28 30 65 40 39 55 73 24 79 75 40 1 49 40 69 13 46 67 32 6 36 4 15 21 63 48 79 54 2 60 26 47 89 26 92 64 66 77 1 66 35 31 13 60 98 34 61 79 16 43 50 97 19 63 11 42 9 13 58 67 70 17 53 69 10 3 11 79 56 12 46 54 42 70 42 
94 67 83 92 69 74 55 46 69 93 22 12 27 74 18 68 87 54 19 1 80 17 30 49 40 78 64 2 25 20 74 60 47 85 99 6 10 47 10 23 77 28 33 72 81 93 23 12 12 12 86 15 21 17 26 15 24 68 83 92 43 0 45 19 65 20 85 52 96 75 80 90 66 30 76 17 24 79 5 10 90 13 33 61 88 23 91 40 75 70 7 88 9 50 31 3 85 8 22 49 
98 99 25 7 95 93 7 21 9 6 79 0 10 37 53 21 49 74 10 53 24 47 49 54 69 35 98 51 69 41 59 37 39 95 30 5 69 34 77 26 26 77 85 44 16 7 62 94 48 67 10 86 83 5 89 99 52 10 32 40 85 99 73 64 73 78 58 22 31 10 8 87 44 37 80 90 15 77 80 56 46 85 67 50 53 43 50 61 39 51 4 85 33 97 63 10 59 32 49 51 
6 55 34 52 36 85 62 75 83 90 51 55 49 40 57 19 90 16 98 14 76 75 67 95 27 9 76 99 85 53 96 71 41 29 55 89 72 42 97 31 85 33 70 92 34 1 53 6 49 77 19 25 37 33 3 50 26 25 63 32 63 2 54 84 17 62 1 19 22 3 17 90 45 84 46 98 2 51 26 14 42 35 14 22 84 6 66 22 52 23 73 44 88 83 43 67 97 61 14 60 
12 48 36 87 54 93 51 44 79 23 28 17 71 64 83 89 67 65 23 34 65 25 66 90 98 23 27 11 46 26 83 42 96 2 72 67 53 97 81 8 59 12 96 71 53 29 17 18 28 42 23 46 46 76 69 12 36 50 35 53 96 20 8 64 16 24 52 34 9 84 95 1 72 26 21 26 51 22 33 58 81 14 37 8 55 56 8 37 10 92 54 45 18 53 1 62 6 23 13 55 
83 87 63 71 56 50 51 72 34 19 63 51 72 29 77 46 11 53 17 90 56 94 20 34 96 7 33 48 9 50 33 15 22 71 87 11 61 8 10 18 93 68 95 79 95 77 3 93 58 23 49 45 2 4 42 65 16 91 14 99 96 41 22 66 95 3 87 35 93 78 79 71 74 81 61 89 37 85 92 68 85 26 35 96 52 57 99 90 95 30 6 97 57 73 36 71 9 70 21 81 
2 26 73 0 85 61 20 85 37 42 55 8 84 38 5 74 26 9 35 60 27 38 77 0 23 89 37 19 25 24 99 48 2 72 12 37 83 82 14 96 85 90 64 85 74 79 73 55 61 57 78 28 80 60 1 95 37 6 47 61 87 28 90 92 31 75 89 9 35 14 36 4 52 4 19 6 12 80 12 39 59 44 9 18 41 72 80 34 89 39 97 66 14 76 30 93 63 19 43 85 
54 79 89 67 38 1 37 48 5 71 50 22 37 66 39 69 87 81 20 9 38 97 0 18 50 66 11 71 89 49 10 80 52 19 60 79 55 0 25 47 14 42 19 72 75 72 52 86 29 41 74 4 80 7 82 65 84 48 33 99 97 20 50 64 92 7 24 90 99 50 27 46 78 82 50 50 69 85 8 76 88 19 5 84 87 57 49 10 64 76 79 36 50 36 40 23 94 35 26 55 
77 10 0 10 58 99 44 51 48 94 48 37 11 14 96 19 31 63 40 66 37 79 98 17 38 14 39 77 23 15 22 50 79 36 15 99 1 9 29 30 58 14 11 15 7 60 34 43 88 59 24 48 3 45 78 32 36 73 31 12 55 75 72 16 92 53 52 0 44 0 37 41 92 2 22 50 63 91 12 35 86 6 40 21 64 6 62 88 72 10 36 53 73 83 31 11 56 52 44 38 
15 80 87 24 87 9 15 59 40 12 66 55 77 34 72 37 37 70 60 10 26 0 43 51 66 82 92 1 27 26 85 21 88 97 61 45 97 67 48 14 10 83 71 95 37 46 28 43 52 21 98 96 30 76 11 28 97 14 71 5 73 46 85 76 42 79 57 41 92 89 96 71 52 0 45 72 70 99 85 60 81 66 25 92 32 41 57 25 51 41 4 23 27 68 24 68 39 9 76 21 
86 30 80 77 50 99 22 48 12 8 6 88 87 87 1 24 84 51 91 98 75 1 87 31 19 29 20 12 51 77 41 48 1 14 79 89 57 96 83 57 59 78 71 91 51 50 29 10 86 91 7 38 22 72 15 97 78 72 39 17 32 41 46 62 83 98 77 18 89 3 48 22 87 43 69 92 81 37 47 21 46 12 8 74 23 23 85 22 4 62 72 71 27 91 81 15 26 66 58 82 
57 92 40 7 80 2 58 15 7 26 89 13 0 66 83 53 3 71 25 44 5 86 48 2 70 13 55 35 92 24 55 30 74 18 49 4 95 1 48 26 80 6 64 31 12 6 43 8 9 2 91 73 13 36 13 93 61 44 76 91 39 91 23 1 87 51 21 53 30 60 91 67 22 41 59 69 18 72 28 99 46 29 62 92 69 81 17 73 23 52 83 89 90 20 98 17 53 61 0 47 
66 63 81 6 49 51 56 45 98 47 90 34 94 11 36 77 67 76 31 89 37 85 57 47 16 69 56 23 27 66 40 57 8 19 48 69 50 0 73 50 56 67 5 32 80 46 63 48 36 94 44 91 26 3 98 60 23 10 78 90 46 28 72 22 74 52 75 30 33 64 7 48 65 68 38 53 72 17 43 78 85 10 47 12 3 82 2 16 66 81 27 75 29 72 43 36 17 56 27 49 
73 47 34 59 27 63 96 67 3 79 30 85 8 61 28 83 95 45 57 63 93 81 39 58 73 94 58 3 30 81 3 60 70 12 77 43 7 96 0 52 33 62 54 87 31 93 15 86 39 18 26 98 31 95 19 43 5 90 41 85 27 43 87 5 94 93 90 97 6 69 77 21 61 28 89 83 8 41 25 42 54 20 19 23 18 41 98 37 94 84 11 91 62 89 43 24 38 84 23 83 
26 77 19 77 28 67 25 53 53 98 69 94 41 6 18 92 41 15 92 80 67 15 61 82 41 63 44 38 4 91 93 7 32 13 78 13 13 53 26 37 32 23 51 7 88 77 28 32 32 15 97 10 21 89 8 73 94 18 48 39 76 44 83 64 89 27 74 69 13 67 78 63 39 69 36 41 74 65 12 27 3 36 98 85 4 25 53 68 99 69 6 11 13 24 51 10 95 51 68 88 
27 97 63 32 72 66 50 59 79 87 51 13 94 67 38 82 83 66 55 75 86 13 19 81 16 59 19 81 64 40 19 3 32 59 30 82 53 77 16 27 76 49 46 6 65 70 53 96 90 50 17 2 14 69 85 90 76 65 16 94 70 70 64 38 83 21 23 71 41 43 43 50 41 43 83 2 48 17 56 40 50 79 78 93 42 45 83 30 78 82 66 47 19 93 58 12 37 26 26 78 
3 63 73 7 85 7 58 18 87 39 90 30 83 6 35 1 36 70 1 76 10 34 4 54 17 35 93 98 85 4 22 27 61 6 96 88 29 16 5 89 54 52 75 53 40 19 4 24 35 20 3 17 82 45 60 26 74 53 97 48 4 22 24 39 50 15 83 57 72 94 22 63 33 53 43 6 70 42 72 64 86 29 34 88 85 30 64 71 1 49 38 53 38 99 28 92 17 94 59 88 
54 72 70 12 36 57 7 96 12 83 77 68 27 71 81 46 61 27 65 73 29 42 65 26 17 44 58 68 60 76 2 71 37 88 17 80 60 88 90 17 27 46 37 4 85 22 45 7 78 22 23 68 8 81 13 43 88 10 13 53 26 28 15 34 14 48 38 88 31 3 36 79 90 3 61 33 24 17 37 67 41 12 65 97 89 73 83 67 65 63 11 33 83 54 86 75 28 85 35 50 
34 53 57 22 42 61 0 37 8 76 44 37 34 2 72 14 0 6 93 7 33 32 38 79 63 3 20 56 28 64 86 28 57 3 50 44 90 6 32 18 73 55 93 66 96 38 68 21 12 93 53 59 47 69 43 87 78 55 44 61 49 95 84 53 61 72 22 91 11 28 87 39 95 64 49 73 88 45 45 65 99 98 58 66 19 38 37 10 0 97 2 8 53 99 9 85 96 81 30 67 
