20
77 56 22 7 41 65 21 86 75 62 86 23 55 15 58 6 75 39 31 0 
16 24 41 73 99 90 91 5 17 17 41 67 94 5 8 73 55 80 9 75 
47 67 2 96 90 51 55 58 94 14 71 99 26 94 84 52 0 86 64 90 
82 60 1 13 73 36 7 1 90 18 90 85 38 31 81 14 10 22 85 92 
24 2 42 5 82 44 32 98 17 83 18 68 73 4 53 40 0 5 15 34 
44 14 99 61 71 18 2 19 18 16 92 97 10 49 61 62 39 7 86 73 
14 21 51 29 91 78 92 20 49 12 9 20 14 81 3 95 30 16 17 67 
79 46 8 89 6 57 79 10 79 71 86 47 68 80 97 67 84 17 41 21 
18 97 21 72 84 38 28 18 31 53 59 84 41 80 48 56 82 64 1 94 
15 15 52 33 94 76 52 82 99 74 30 30 5 28 33 37 61 74 16 8 
82 77 27 60 75 9 9 89 77 60 62 29 6 51 11 95 40 77 83 8 
89 12 21 13 13 97 20 7 34 8 44 75 36 20 54 46 30 97 4 49 
67 75 70 31 62 68 65 48 26 3 2 23 94 28 60 60 54 12 83 79 
2 41 12 76 47 47 59 59 89 33 7 56 13 99 74 45 32 38 69 57 
4 67 26 26 53 77 85 60 93 77 60 15 58 0 60 94 21 24 46 89 
53 25 3 6 45 67 89 50 43 68 70 3 62 91 42 41 39 68 97 60 
24 76 70 41 26 26 0 7 57 68 28 62 22 52 32 95 9 34 91 62 
89 59 98 3 13 64 15 85 16 53 52 90 1 69 26 53 2 99 0 73 
95 84 36 98 88 55 38 86 7 30 85 94 43 26 23 64 99 67 96 41 
71 99 10 56 39 5 43 57 57 10 88 37 43 18 19 31 62 97 5 96 
